# SPDX-FileCopyrightText: 2021 The Atlite Authors
#
# SPDX-License-Identifier: CC-BY-4.0

model: huld
name: CSi
source: Huld 2010

# Used for calculating capacity per m2
efficiency: 0.1

 # Panel temperature coefficient of ambient temperature
c_temp_amb: 1
# Panel temperature coefficient of irradiance
c_temp_irrad: 0.035 # 0.035 K / (W/m2)

# Reference conditions
r_tamb: 293 # 20 degC
r_tmod: 298 # 25 degC
r_irradiance: 1000 # W/m^2

# Fitting parameters
k_1: -0.017162
k_2: -0.040289
k_3: -0.004681
k_4: 0.000148
k_5: 0.000169
k_6: 0.000005

inverter_efficiency: 0.9
a_1: 0.0390255994692895
a_2: -0.0200314635382818
a_3: 1.03461284296803
a_4: 0.0479912769993922
a_5: -0.125083011859713
a_6: 0.0456308395507681